212345678 987654321 120
934567890 886543210 180
22123456789 +65432109 90
934567890 954321078 150
923456789 +91234567 200
22132109876 876543210 120
587654321 901234567 180
212345678 276543210 90
234567890 890123456 150
945678901 876543210 200
934567890 876543210 120
876543210 276543210 180
932109876 901234567 90
987654321 +76543210 150
912345678 990123456 200
934567890 276543210 120
945678901 876543210 180
923456789 901234567 90
276543210 276543210 150
132109876 +90123456 200
544321 987211 40
4534521 325666 50
456667 099921 50
89999999 +333322211 100
